00
01
95
02
03
04
05
90
06
07
08
09
90
0a
0b
93
0c
0d
93
98
0E
0F
90
10
11
12
13
91
14
15
16
17
91
18
19
94
1A
1B
94
97
1C
1D
1E
1F
20
93
98
21
22
25
23
24
31
31
32
91
33
34
35
36
91
37
38
3B
39
3A
14
14
15
v18
19
94
1A
1B
94
97
1C
1D
1E
1F
20
93
98
21
22
25
25
26
93
98
27
28
92
29
2A
94
96
2B
2C
93
98
2D
2E
92
2F
30
94
96
31
32
91
33
34
35
36
91
37
38
3B
3B
3C
90
3D
3E
3F
40
90
41
42
45
43
44
06
06
07
08
09
90
0a
0b
93
0c
0d
93
98
0E
0F
90
10
11
12
13
91
14
15
16
17
91
18
19
94
1A
1B
94
97
1C
1D
1E
1F
20
93
98
21
22
25
25
26
93
98
27
28
92
29
2A
94
96
2B
2C
93
98
2D
2E
92
2F
30
94
96
31
32
91
33
34
35
36
91
37
38
3B
3B
3C
90
3D
3E
3F
40
90
41
42
45
45