00000000
00000001
10010101
00000010
00000011
00000100
00000101
10010000
00000110
00000111
00001000
00001001
10010000
00001010
00001011
10010011
00001100
00001101
10010011
10011000
00001110
00001111
10010000
00010000
00010001
00010010
00010011
10010001
00010100
00010101
00010110
00010111
10010001
00011000
00011001
10010100
00011010
00011011
10010100
10010111
00011100
00011101
00011110
00011111
00100000
10010011
10011000
00100001
00100010
00100101
00100011
00100100
00110001
00110001
00110010
10010001
00110011
00110100
00110101
00110110
10010001
00110111
00111000
00111011
00111001
00111010
00010100
00010100
00010101
00011000
00011001
10010100
00011010
00011011
10010100
10010111
00011100
00011101
00011110
00011111
00100000
10010011
10011000
00100001
00100010
00100101
00100101
00100110
10010011
10011000
00100111
00101000
10010010
00101001
00101010
10010100
10010110
00101011
00101100
10010011
10011000
00101101
00101110
10010010
00101111
00110000
10010100
10010110
00110001
00110010
10010001
00110011
00110100
00110101
00110110
10010001
00110111
00111000
00111011
00111011
00111100
10010000
00111101
00111110
00111111
01000000
10010000
01000001
01000010
01000101
01000011
01000100
00000110
00000110
00000111
00001000
00001001
10010000
00001010
00001011
10010011
00001100
00001101
10010011
10011000
00001110
00001111
10010000
00010000
00010001
00010010
00010011
10010001
00010100
00010101
00010110
00010111
10010001
00011000
00011001
10010100
00011010
00011011
10010100
10010111
00011100
00011101
00011110
00011111
00100000
10010011
10011000
00100001
00100010
00100101
00100101
00100110
10010011
10011000
00100111
00101000
10010010
00101001
00101010
10010100
10010110
00101011
00101100
10010011
10011000
00101101
00101110
10010010
00101111
00110000
10010100
10010110
00110001
00110010
10010001
00110011
00110100
00110101
00110110
10010001
00110111
00111000
00111011
00111011
00111100
10010000
00111101
00111110
00111111
01000000
10010000
01000001
01000010
01000101